            0.5     26     26       0.5000000       0.5099020               0       1.0000000
            1.5     28     28       0.6071429       0.4973475               0       1.0000000
            2.5     47     47       0.6382979       0.4856879               0       1.0000000
            3.5     34     34       0.6764706       0.4748581               0       1.0000000
            4.5     31     31       0.7741935       0.4250237               0       1.0000000
            5.5     19     19       0.8421053       0.3746343               0       1.0000000
            6.5     26     26       0.7307692       0.4523443               0       1.0000000
            7.5     20     20       0.9000000       0.3077935               0       1.0000000
            8.5     19     19       0.7894737       0.4188539               0       1.0000000
            9.5     19     19       0.8947368       0.3153018               0       1.0000000
           10.5     18     18       0.8333333       0.3834825               0       1.0000000
           11.5     15     15       0.9333333       0.2581989               0       1.0000000
           12.5     20     20       0.8000000       0.4103913               0       1.0000000
           13.5     15     15       0.8666667       0.3518658               0       1.0000000
           14.5     13     13       0.8461538       0.3755338               0       1.0000000
           15.5     15     15       0.9333333       0.2581989               0       1.0000000
           16.5     11     11       0.8181818       0.4045199               0       1.0000000
           17.5     13     13       0.9230769       0.2773501               0       1.0000000
           18.5      5      5       1.0000000               0       1.0000000       1.0000000
           19.5      6      6       0.8333333       0.4082483               0       1.0000000
           20.5      9      9       0.8888889       0.3333333               0       1.0000000
           21.5      2      2       1.0000000               0       1.0000000       1.0000000
           22.5      4      4       0.7500000       0.5000000               0       1.0000000
           23.5      3      3       1.0000000               0       1.0000000       1.0000000
           24.5      3      3       1.0000000               0       1.0000000       1.00000
